1.008628
1.745961
0.634279
1.542809
0.701879
1.596693
1.100227
0.674353
1.627383
1.023955
0.880597
0.581695
1.254851
1.155912
0.868020
0.748098
0.897235
1.105108
1.255051
0.891313
0.690740
1.154272
1.833453
0.691101
1.811881
0.766851
1.531421
1.015444
1.293777
0.884877
0.862473
0.979971
1.954610
0.536222
1.114670
0.688352
0.976160
0.717670
1.522818
0.957999
0.958712
1.712267
0.926483
0.891580
0.869697
1.116418
1.050085
1.015612
1.469937
1.245916
0.836380
1.504211
1.473453
1.251140
1.358714
0.962966
0.914414
1.386296
0.706200
0.906542
1.198880
0.839935
0.639500
1.033472
0.670519
0.842433
1.086387
0.987902
1.594253
0.595523
0.985145
0.754245
2.186006
1.105576
1.140313
0.883479
0.831027
0.731704
1.622846
1.326494
1.493361
2.109915
1.702962
1.028510
0.868324
1.014223
0.903583
0.847305
1.514821
2.202140
1.086754
1.076430
0.940455
0.921022
0.829224
0.930569
1.164390
0.801107
1.095836
0.692451
