0.687063
1.812724
0.678278
1.152852
0.693183
0.778960
1.060739
1.017351
1.081635
0.756564
1.083733
0.902468
0.891540
0.908408
0.749043
0.698659
1.227013
1.203194
0.593125
1.888066
0.712774
1.425068
1.157183
0.784190
1.726351
0.780098
0.677412
1.046110
0.621309
1.073305
0.793497
0.612774
0.870762
1.504021
0.740286
2.286016
1.101083
0.875711
0.880687
1.061811
0.851653
0.956766
0.611251
1.835012
0.973036
1.360669
0.944696
0.744510
0.705127
0.724772
1.035969
0.727173
0.859029
1.036683
1.398926
1.023417
0.624796
0.795344
1.636958
1.551292
0.879501
2.092358
0.617177
0.940844
0.762157
0.857529
0.590419
0.742561
1.660316
1.913791
0.822699
1.737990
1.008817
0.942082
0.953606
0.751126
1.439000
0.929685
0.936216
1.465377
1.057284
0.855668
0.979403
0.529768
0.822458
0.924296
0.553489
0.913970
1.619149
1.239071
1.087556
1.039791
0.905934
1.193348
0.687667
0.809395
0.980794
0.972779
0.783339
0.617581
