1.192782
0.891180
0.925945
1.471065
1.121581
0.988436
0.935943
1.910737
1.202453
0.935531
1.382697
0.914731
1.953152
0.894447
0.856038
0.807272
1.898067
0.605138
1.063250
1.447705
0.855109
0.871192
1.519952
0.969587
1.589948
0.560270
3.689661
1.815199
1.726475
1.723928
2.140614
0.811942
1.107780
1.191882
1.805618
1.230285
1.172968
0.813766
1.105474
1.570010
1.409816
2.313571
1.034110
1.035206
0.606182
0.860865
0.915444
0.922557
0.678501
0.797829
0.966261
1.770389
1.202997
1.154146
0.598036
1.226057
0.984656
1.041105
0.850133
4.029788
1.224979
0.666879
0.958352
1.094521
1.648999
1.236502
1.000472
1.127017
0.969843
0.770413
1.072034
0.679029
0.598146
1.516495
1.082170
0.847252
1.013300
1.319890
1.390189
1.225508
0.861592
1.079616
1.170923
0.743469
0.976071
0.753365
1.167044
1.617925
3.469942
1.461965
0.545680
0.836122
1.521408
1.220495
0.951730
1.187520
0.852061
1.703404
2.475783
1.681369
1.071438
1.228267
1.107131
0.846786
0.859505
1.270100
1.136494
1.681108
1.756691
1.294753
1.162446
0.668743
0.718904
1.485574
1.247934
1.067427
1.206346
1.407416
1.126960
1.213580
1.129486
1.260159
1.105270
1.131274
1.569172
2.630974
0.771471
0.930153
0.742726
0.762979
0.624948
1.430001
1.898131
0.976869
0.756930
2.099536
1.031682
1.487846
1.003444
1.015704
1.791743
1.075116
0.921472
1.462373
0.817788
1.005979
1.527387
0.655207
1.053486
0.917905
0.922833
1.586392
0.936925
0.780335
1.398332
0.984663
1.120641
1.344858
1.009895
0.871260
1.231748
1.477992
1.886034
1.074028
1.635162
0.895997
0.892122
1.245663
1.289546
1.847166
1.382205
4.562144
1.404075
0.890497
0.639211
0.931689
1.947905
3.679833
0.764155
1.061371
0.804409
0.909281
0.532517
1.732540
1.295643
1.081720
1.416672
0.968808
1.619548
1.674857
0.970251
0.896184
1.840222
2.380898
1.879813
1.301571
1.051078
0.658633
0.879813
1.176829
0.502418
1.502637
1.837482
3.179868
0.992349
1.305622
1.867352
