1.053428
0.675387
1.335661
0.989898
1.375353
0.795349
1.252640
1.556557
0.675556
0.830665
1.081746
0.811924
0.955105
0.697499
0.661123
0.823111
0.715033
0.884430
0.817471
0.722502
0.701340
0.522925
1.259469
1.198867
0.717540
0.882534
1.831514
1.268819
1.055864
0.873918
1.337204
0.815866
1.184521
1.037935
0.846301
0.590530
0.897540
0.836543
1.656586
0.847600
0.532103
0.942243
1.011343
1.431622
1.217626
1.210169
0.801675
1.098560
0.732133
2.107216
1.391121
0.738014
0.779029
0.626016
0.665823
0.851103
1.018529
1.862361
0.816996
0.895791
0.911858
1.459359
0.765428
1.054794
1.073266
0.937705
0.718240
0.858324
1.688024
0.703457
1.120036
1.130695
1.340891
0.776274
1.272843
1.263916
1.363089
0.606148
1.042432
1.001876
1.262797
0.790561
0.864674
0.744380
0.872422
0.998621
0.937800
1.005034
0.622071
0.646625
0.682378
1.020332
1.478779
1.370607
2.011322
1.520390
0.997008
0.975856
0.837203
0.501678
0.865217
0.643005
0.828073
0.766871
0.793075
0.707939
1.046755
