1.045633
1.032517
1.075647
1.031592
1.026981
1.013705
1.022113
1.067805
1.067310
1.065326
1.018324
1.001335
1.089909
1.055660
1.103421
1.001883
0.989380
1.085767
1.033678
1.029961
1.064492
1.059790
1.043264
1.013951
1.065027
1.019199
0.961408
1.034860
1.041275
1.014683
1.050536
1.029238
1.091779
1.068388
1.047810
0.985020
1.041984
0.961837
1.016837
1.006215
1.023066
1.034715
1.065607
1.042655
0.966164
1.064654
1.037984
0.983446
1.050990
1.027337
1.079978
0.935572
1.023615
0.996863
1.121063
1.019315
0.990249
1.019935
0.981297
1.066308
1.062673
1.019302
1.016798
1.041226
1.015353
0.963130
1.062262
0.998719
1.018154
1.089083
1.000200
1.093748
1.049214
0.984422
1.068267
1.043411
1.100053
0.985569
0.979291
1.084368
1.061894
1.043003
1.099146
1.029250
1.032257
0.995580
0.994559
1.072634
1.046166
0.993207
1.024321
1.045585
1.054613
1.043145
0.999701
1.085969
1.008458
0.978243
0.997335
1.066879
