1.017897
1.209930
1.082346
1.230095
1.253790
1.349498
1.317939
1.247675
1.063928
1.202818
1.189862
1.221619
1.205934
1.167905
1.332601
1.237906
1.278168
1.106719
1.140417
1.361565
1.098167
1.249169
1.153994
1.277401
1.031586
1.202899
1.197473
1.311593
1.096702
1.110201
1.236881
1.209257
1.069396
1.149325
1.301912
1.377574
1.226013
1.032012
1.146822
1.219900
1.272869
1.197869
1.285917
1.079453
1.364275
1.426511
1.219942
1.070565
1.232874
1.115204
1.177664
1.154604
1.211653
1.002631
1.254932
1.084783
1.216320
1.175128
1.129958
1.501446
1.266729
1.311659
1.216935
1.267752
1.159551
1.176376
1.173898
1.500464
1.034064
1.115121
1.212089
1.028684
1.312413
1.169604
1.121700
1.173793
1.176177
1.299137
1.328457
1.141991
1.040891
1.225360
1.173486
1.247981
1.559041
1.166596
1.313352
1.282466
1.225009
1.246959
1.252597
1.312760
1.226458
1.245543
1.190781
1.209289
1.218663
1.226469
1.086451
1.192496
