0.981374
0.964290
1.021514
0.994538
1.065336
1.014195
0.971157
0.981482
0.970986
1.099883
0.985003
1.085181
1.007307
1.026057
1.030226
0.932157
1.078736
0.987260
1.037554
1.002126
1.008441
1.107304
1.050367
0.904160
1.058848
1.075654
0.989824
1.037015
1.124418
1.074424
1.055372
0.964968
1.034823
1.040314
1.002181
1.007239
0.953366
0.946133
1.089883
1.026761
1.024630
0.997550
1.134562
0.914186
0.992502
0.950536
1.009883
0.985229
1.034250
1.020307
1.013356
1.038477
1.046497
0.978244
1.081337
1.018243
1.058750
1.089186
0.995656
0.957951
1.016967
0.978116
1.091416
1.025271
1.012756
0.987274
1.015421
1.015815
0.985294
1.072403
1.096903
1.056572
0.982933
1.125282
0.938010
1.010585
1.106579
1.062885
0.998122
1.068342
1.073368
1.039393
1.046346
1.025408
0.964480
1.013126
1.025473
1.026512
0.974694
0.965166
1.021445
1.119684
0.948532
1.058257
1.104065
1.029496
1.022069
1.069839
1.045497
1.020445
