1.108970
0.839813
0.871070
1.365992
1.193004
0.994883
1.089772
1.496932
0.891235
0.837628
0.783428
1.119159
0.812440
0.992135
0.933025
1.114457
1.039146
0.866751
1.185710
0.851925
1.104239
0.880968
0.865145
0.958052
1.002853
0.883391
0.948764
1.417826
0.926776
0.894240
0.921057
0.867119
1.155346
1.273352
0.786563
1.107632
0.919663
1.083546
1.214495
1.005394
1.092693
1.017441
1.138834
1.057371
1.094684
1.439160
0.933533
0.878843
0.948171
1.058573
0.838185
1.573081
0.960858
0.792284
0.845493
1.141144
1.001205
0.948732
1.512517
1.042467
0.795606
1.131950
1.680967
0.850830
1.016834
0.953872
0.998089
1.075559
0.929139
0.770860
1.039544
0.999814
1.177370
1.038103
0.864664
0.905279
0.847808
1.190295
1.090424
0.935467
0.811303
1.087171
1.176996
1.182743
1.050235
1.049472
1.014710
0.950016
1.068077
1.090979
1.044621
0.958234
0.720504
0.944186
1.147748
1.266306
1.187754
1.003930
1.031284
0.969623
