1.515409
1.116735
1.345738
1.305755
1.227290
1.227702
1.380569
1.023018
0.822477
1.365790
1.603197
1.098193
1.012614
2.195570
1.404097
1.434003
1.656459
1.124907
1.008048
1.415166
1.312332
1.388362
0.959431
1.346378
1.222673
1.076742
0.974971
1.198357
1.197902
1.135504
1.105874
0.934688
1.134787
1.521377
0.940029
1.306999
1.039552
1.351803
1.220509
1.349502
1.096232
1.423216
1.368020
1.016469
1.395669
1.262299
2.119273
1.160536
1.559006
1.565481
0.917063
0.824376
0.946181
1.150219
1.139028
1.226271
1.142482
1.292236
0.831501
1.258252
1.357655
1.205040
1.279610
1.294549
1.229765
1.218839
0.893721
1.412571
1.272938
1.135468
1.217594
1.232574
1.100700
1.401544
1.211218
1.393492
1.245937
1.472499
1.230919
1.437490
1.198647
0.985856
1.244577
0.869368
1.114676
1.197915
1.040738
1.100832
0.908019
0.829191
1.182655
0.916018
1.295770
0.951119
1.457176
0.991369
1.321931
1.198012
0.907380
1.113908
