1.496217
1.099226
1.128139
0.934286
1.104798
0.974449
1.003814
0.971070
1.654253
0.857541
1.007057
0.978164
1.099709
1.375605
0.913405
1.002918
1.140605
1.219011
0.947707
1.347680
1.380316
1.127321
1.559725
1.350593
1.237499
1.466390
1.376702
1.221921
0.944162
1.273744
0.867406
1.204586
1.331674
1.684295
1.291535
1.351487
1.637041
1.531574
1.173401
1.289041
1.690735
1.000254
0.991447
1.029770
0.884100
1.187426
0.923780
1.091806
1.142079
1.177488
1.133742
1.256125
1.310587
1.240480
1.064986
1.310832
1.121819
1.050552
1.122835
1.402414
1.329722
1.197826
1.439952
1.397891
1.251419
1.528500
1.399326
1.439129
1.174149
1.476344
1.376981
1.518923
0.922567
1.109532
1.030011
1.222179
0.931409
0.926166
1.160558
1.041718
1.584239
0.856027
0.944538
1.443228
1.052254
1.172907
1.095629
1.083968
1.085599
0.998753
1.072927
1.122819
1.419175
1.123887
1.291705
1.010624
1.023348
1.272761
0.956286
1.405621
