1.252524
1.144144
1.201139
1.221748
1.202268
1.126508
1.291048
1.116053
1.166849
1.157490
1.371115
1.232779
1.167417
1.238173
1.197112
1.192098
1.245484
1.225647
1.223266
1.214165
1.223013
1.123251
1.164115
1.251077
1.265246
1.224975
1.271321
1.227435
1.212569
1.216390
1.267850
1.271848
1.211825
1.283726
1.316638
1.160412
1.114062
1.203320
1.243806
1.171620
1.167707
1.204577
1.269717
1.274660
1.259291
1.338541
1.136431
1.241187
1.106451
1.172664
1.230194
1.256819
1.153777
1.197802
1.203915
1.270018
1.220200
1.201343
1.133665
1.149945
1.205416
1.206211
1.243904
1.222696
1.209759
1.266328
1.193812
1.124694
1.296561
1.152977
1.148955
1.188666
1.246096
1.203933
1.298603
1.251868
1.231625
1.177546
1.164630
1.226407
1.217675
1.203418
1.112285
1.235434
1.240100
1.278841
1.241744
1.199393
1.169957
1.208388
1.253399
1.170305
1.186017
1.196147
1.236222
1.161098
1.101813
1.308453
1.193623
1.200119
