1.414584
1.136831
1.180621
1.222188
1.165258
1.368560
1.184749
1.288178
1.292508
1.201415
1.344404
1.086076
1.222976
1.328368
1.245370
1.183355
1.088387
1.125850
1.129110
1.273060
1.155897
1.117845
1.240537
1.290899
1.196057
1.143844
1.134721
1.210023
1.225049
1.129700
1.244078
1.221675
1.179572
1.216022
1.133518
1.136293
1.247851
1.169385
1.298607
1.229678
1.224198
1.269315
1.162221
1.236167
1.293359
1.279606
1.100464
1.318889
1.220110
1.179221
1.264653
1.223257
1.253970
1.163977
1.226916
1.257292
1.245350
1.178579
1.111077
1.182039
1.227394
1.123992
1.189173
1.138044
1.067900
1.125827
1.228353
1.295468
1.105776
1.081664
1.274723
1.161728
1.312324
1.140302
1.199566
1.188360
1.143223
1.269826
1.155512
1.163020
1.306107
1.167324
1.087218
1.254833
1.148257
1.235720
1.244689
1.237965
1.240454
1.252973
1.099819
1.260530
1.223819
1.140010
1.322330
1.204626
1.320539
1.206123
1.333510
1.204767
