1.392839
1.130025
1.189788
1.437844
1.337297
0.891402
1.274850
1.300114
1.197220
1.170834
1.357416
1.064527
1.115153
1.220314
1.284138
1.183144
1.025249
1.254184
1.471293
1.208671
1.110270
1.510018
0.993834
1.151903
1.060758
1.228064
1.142135
1.459005
1.092073
1.393421
1.212885
1.392116
1.145302
1.246508
1.174832
1.081491
1.052581
1.034396
1.126774
1.346065
1.360226
1.261716
1.151415
1.364462
1.161155
0.973086
1.305510
1.546425
0.983642
1.224141
1.383796
1.191202
1.050202
1.172668
1.715852
1.070878
1.153962
1.432429
0.953329
1.278779
1.216608
1.689200
1.308371
1.076487
1.259415
1.395495
1.155320
1.560271
1.240184
1.292475
1.309237
1.338001
1.062652
1.039800
0.976700
1.158731
1.072160
1.262257
1.071556
1.221968
1.278376
1.148082
1.282750
1.163595
1.299020
1.260001
1.204674
1.239940
1.381448
1.069777
1.163493
1.379202
1.547845
1.116305
1.228574
1.567519
1.353365
1.447426
1.319811
0.988641
