1.073018
1.170065
1.260630
1.364598
1.162004
1.156382
1.153243
1.286428
1.375377
1.095641
1.239489
1.250842
1.158899
1.281239
1.094805
1.193919
1.077679
1.494210
1.281076
1.328219
1.162454
1.309058
1.368501
1.195106
1.279232
1.230407
1.432501
1.191183
1.208636
1.153736
1.130664
1.281998
1.356529
1.134606
1.209228
1.269651
1.027342
1.356971
1.073664
1.319993
1.208196
1.216296
1.444642
1.258313
1.201049
1.203237
1.187878
1.454894
1.231090
1.316934
1.166776
1.309566
1.189960
1.166476
1.436566
1.137968
1.256827
1.362113
1.156376
1.259160
1.261341
1.335185
1.259920
1.085770
1.111680
1.082716
1.139182
1.203100
1.184381
1.238335
1.164772
1.057335
1.306321
1.255912
1.428307
1.127376
1.214679
1.368124
1.172896
1.032707
1.473971
1.291107
1.247463
1.206437
1.059920
1.146696
1.326112
1.336253
1.387037
1.232669
1.441603
1.410619
1.279205
1.262477
1.298156
1.079043
1.189211
1.259106
1.218748
1.278445
