2.261597
0.691645
0.944403
0.858462
0.948350
1.647266
1.026988
0.862061
0.861233
0.957687
1.361688
0.691095
1.080793
1.072433
0.946633
1.558850
0.994634
2.235523
1.503988
1.161917
0.920649
1.114273
1.122102
2.211633
1.297370
1.486704
1.857546
0.724252
1.021856
1.303625
1.347147
1.123882
0.907792
1.297209
0.731944
0.781951
1.195788
0.777000
0.894552
1.641173
1.771361
0.895739
1.705368
1.452817
0.901534
1.971471
2.248614
1.921830
1.774160
0.923399
0.966511
1.144491
0.972524
2.171290
0.782685
1.257874
0.921404
1.853381
1.773103
0.874014
0.790658
0.906484
0.917818
1.116387
0.715930
1.262715
0.913454
1.021353
0.741579
0.678971
0.915513
0.683862
0.860925
2.316219
1.365934
1.053833
1.392995
1.199729
2.715991
0.572340
1.221554
0.929822
0.954158
1.178819
1.098979
0.619514
0.602404
2.471809
0.896308
1.167061
0.944254
0.875212
1.106280
1.200172
1.469122
2.037804
0.901172
1.066355
1.689140
1.584239
