1.175428
1.298678
1.211457
1.184900
1.041054
1.176686
1.415322
1.263694
1.143274
1.304510
1.140609
1.160380
1.226268
1.180384
1.346967
1.250682
1.252808
1.222100
1.269909
1.281695
1.215099
1.175398
1.212919
1.217569
1.239844
1.182190
1.224153
1.317407
1.293567
1.265203
1.276660
1.236220
1.284798
1.232138
1.218345
1.290572
1.130648
1.242826
1.241869
1.203986
1.138122
1.188478
1.106969
1.299265
1.339076
1.192425
1.252588
1.122522
1.198583
1.278105
1.186498
1.294472
1.199669
1.275841
1.136220
1.198470
1.217915
1.240915
1.170922
1.179261
1.160600
1.189002
1.201176
1.332400
1.226944
1.308298
1.166055
1.080608
1.281396
1.151458
1.141939
1.243488
1.290591
1.237435
1.208132
1.152617
1.133743
1.223594
1.219566
1.276419
1.173542
1.192423
1.080296
1.274123
1.130577
1.200654
1.119604
1.361443
1.261224
1.287048
1.368135
1.203279
1.206410
1.224561
1.235098
1.345627
1.233501
1.148447
1.267285
1.179292
