0.930207
0.874580
1.041194
0.952176
0.956006
0.948696
1.002507
0.980596
0.997469
1.022097
0.968930
1.007666
0.955238
0.996598
0.873745
0.888912
1.069581
1.175820
1.047631
1.090644
1.015329
1.016898
1.168530
1.107659
1.433183
1.098388
1.083451
0.877839
0.974297
1.056846
1.022327
0.915456
0.981247
1.186699
1.031513
0.925694
1.016362
1.022790
0.994648
0.940091
1.103917
0.934757
1.009637
1.049100
1.226486
1.011982
1.251375
0.890853
1.005523
0.964343
0.986848
0.926120
1.364670
0.997158
0.980223
1.007224
0.989278
0.920793
0.931780
1.098235
1.093812
1.095612
0.917446
1.142148
0.979545
0.999435
1.034701
0.980296
1.238040
0.855130
1.154628
0.943141
1.025130
0.960186
1.189851
1.023213
1.230327
0.950281
0.913320
0.972314
1.125707
1.046254
0.983236
0.780525
1.322732
0.920839
0.873589
0.955422
0.929782
1.166502
1.034882
0.971939
1.113671
0.980081
1.007099
0.944957
1.100813
0.998785
1.271096
0.999383
