0.953357
1.019048
0.895916
1.019672
0.971378
1.066949
1.012596
1.045605
1.031671
1.030890
0.982984
1.089523
0.985881
1.004303
1.053459
1.033245
1.061409
1.038913
1.104859
1.014354
1.096693
0.972382
0.974212
0.983226
1.094850
1.249654
0.984969
0.981545
0.862479
1.042691
0.957536
1.025383
1.142352
1.147027
1.007046
1.055615
1.034139
1.056154
0.969391
1.003281
0.931152
0.895259
1.162092
1.020138
1.140779
0.919012
0.931825
1.010712
1.033238
1.010970
1.156541
0.961707
0.986178
0.992761
0.977345
1.075261
1.063878
1.129970
1.235648
0.987011
1.260838
1.064276
1.068229
1.029676
1.053995
1.055673
1.033305
0.977314
0.996362
1.001920
1.035104
1.064754
1.084878
1.009644
1.023583
1.188295
0.969814
1.142027
1.077534
1.026108
1.055043
1.028864
0.930917
1.016732
0.908133
1.014261
1.029121
0.949243
1.125558
0.946337
1.063437
1.209215
0.999473
1.167801
1.078552
1.041801
1.055376
0.903248
0.909001
0.945826
