1.245946
1.148115
1.217256
1.196477
1.287215
1.201506
1.242558
1.174062
1.180076
1.283634
1.175611
1.279788
1.185305
1.295931
1.195534
1.239886
1.215361
1.297195
1.230445
1.160222
1.287771
1.264703
1.195350
1.212255
1.192190
1.231239
1.167718
1.241838
1.167028
1.263459
1.212370
1.152915
1.158453
1.241252
1.233022
1.251296
1.157440
1.247148
1.276921
1.180099
1.256279
1.180706
1.161240
1.243499
1.275490
1.186365
1.276835
1.263676
1.215914
1.151525
1.228813
1.248368
1.187661
1.199753
1.226632
1.195006
1.245722
1.222189
1.212316
1.165409
1.224882
1.117351
1.158504
1.225027
1.112098
1.151596
1.158997
1.307152
1.236887
1.232186
1.158258
1.260202
1.234442
1.085429
1.197710
1.243471
1.240799
1.301199
1.216474
1.193985
1.176500
1.206894
1.286521
1.158900
1.215739
1.235841
1.234093
1.119990
1.236713
1.223066
1.224691
1.277518
1.263780
1.287430
1.254255
1.275414
1.214619
1.276317
1.228971
1.173371
