1.223282
1.265021
1.194530
1.331306
1.123506
1.321141
1.089214
1.236558
1.095900
1.139795
1.321661
1.243480
1.341123
1.040048
1.237939
1.273056
1.101782
1.173076
1.263266
1.429137
1.268652
1.261636
1.432451
1.176707
1.164214
1.185379
1.100528
1.292751
1.332346
1.071182
1.077325
1.217792
1.111190
1.249510
1.228483
1.172935
1.221684
1.265015
1.266032
1.083663
1.249384
1.214500
1.166052
1.155851
1.205149
1.177568
1.163368
1.379709
1.364245
1.003892
1.155571
1.247412
1.450230
1.179168
1.376911
1.275258
1.225169
1.198509
1.175591
1.232916
1.268169
1.222446
1.279836
1.219010
1.197022
1.177484
1.386648
1.249483
1.218560
1.409417
1.267875
1.084402
1.162251
0.977975
1.168992
1.213557
1.172071
1.165373
1.125726
1.343573
1.229539
1.108087
1.229087
1.073358
1.404607
1.207411
1.074999
1.324324
1.299477
1.348827
1.123891
1.238398
1.237848
1.331361
1.224693
1.207152
1.193264
1.113106
1.074045
1.199025
