1.206586
1.201081
1.055977
1.480025
0.978674
1.012213
1.032391
1.077787
1.484655
1.165794
1.474528
1.327575
1.101561
1.084162
1.293278
0.877624
1.342498
1.045787
1.140679
1.288380
1.185632
1.024867
1.356692
1.215138
1.178232
1.343531
1.560382
1.123072
1.207744
1.056682
1.216190
1.224133
1.328013
1.118591
1.075087
1.137822
1.291052
1.077645
1.154918
1.326793
1.405116
1.090955
1.167063
1.144125
1.418860
1.252865
1.484644
1.149423
1.305868
1.250541
1.396233
1.286842
1.000311
1.236609
1.079849
1.125220
1.250632
1.356424
1.130364
1.187751
1.102788
1.157036
1.242118
1.166830
1.378997
1.244278
1.347857
1.378886
1.020300
1.076028
1.126415
1.310979
1.001611
1.439857
1.314273
1.202072
1.230357
1.286076
1.294966
1.188690
1.590222
0.959670
1.374589
0.898386
1.217126
1.058555
1.200535
1.636149
1.495661
1.202061
1.013230
0.948147
1.263560
1.253670
1.511932
1.143417
1.184107
1.117310
1.301033
1.231976
